,x,y,s,R,vx_entry,time,acceleration,vel_fi,vel_ri,vx_max,vx_exit,energy_spent,lateral_acc,time_total,pot
0,2.600006040469831e-18,-2.1666717003915253e-19,2.183134018656619,10.360940960459018,0.0,0.9238126079745557,0.0,11.897354745744218,8.115130956737596,10.006242851240907,4.726356838630088,0.0,0.5390062797220048,0.9238126079745557,2.183134018656619
1,2.7852122246505044,-1.0248189009048725,2.183134018656619,10.360940960459018,4.726356838630088,0.3762719676258694,5.116142384105961,11.897354745744218,8.115130956737596,10.006242851240907,6.877664754747438,3015.6906104188292,3.249061008393353,1.3000845756004251,4.366268037313238
2,1.4209817057424785,-2.624852059451201,2.183134018656619,10.360940960459018,6.877664754747438,0.2899427931387858,5.7174280871659695,11.897354745744218,8.115130956737596,10.006242851240907,8.181402553137854,3370.1161742050144,5.471884963172612,1.5900273687392108,6.549402055969857
3,0.1975131390942169,-4.432944648297095,2.4322833393641514,13.057109162311146,8.181402553137854,0.2801091147939462,4.4965345897263305,13.358269978270021,8.267530326496365,10.812900152383193,9.185282148667634,2952.948465215813,5.77466523758733,1.870136483533157,8.981685395334008
4,-0.8737427915841686,-6.616614260196939,2.380832010728811,8.884503514448676,9.185282148667634,0.26061316120954814,-0.382024607353503,11.034532283431838,7.997903159382863,9.516217721407351,9.0857215080854,0.0,9.393591157969125,2.1307496447427052,11.36251740606282
5,-0.8919174480479471,-8.997376899599157,2.315235826251862,7.865818549157039,9.0857215080854,0.2561720456600765,-0.3740100236718376,10.405645585022318,7.895394914497923,9.15052024976012,8.989910595224012,0.0,10.384439772298224,2.3869216904027817,13.677753232314682
6,-0.1046722507889239,-11.174660053107846,2.601739850684849,11.74752323638836,8.989910595224012,0.29112824422795824,-0.3652154359353854,12.66479052897768,8.20131074057119,10.433050634774435,8.883586066595194,0.0,6.798494382426886,2.67804993463074,16.27949308299953
7,1.2495427868187725,-13.396180226898489,3.213044042039268,14.113578350801928,8.883586066595194,0.35658020049948824,-0.3742270277383644,13.898825967393304,8.312795145361717,11.10581055637751,9.137852238383713,0.0,5.75283302554004,3.0346301351302283,19.492537125038798
8,3.3654936002278912,-15.8141140910307,3.3473985281403578,24.149277201419437,9.137852238383713,0.3435859148786028,0.7130686769269531,18.47912512043902,8.55572062828463,13.517422874361824,10.347221993038575,644.4697606942343,3.9304294144849283,3.3782160500088314,22.839935653179154
9,6.139568538009924,-17.687502770874218,3.831947643085736,41.02942789291952,10.347221993038575,0.34230545973777454,3.5198467174714088,25.111304031203645,8.7045349928815,16.90791951204257,12.041831608509154,3641.72444992016,3.054330433763383,3.7205215097466056,26.67188329626489
10,9.462560931523775,-19.595785845263187,4.647001309811391,1164.7291625085134,12.041831608509154,0.3519733709855401,4.950577232302247,33.29511773786174,33.29511773786174,33.29511773786174,14.363582510175984,6211.441498364368,0.1496583749301804,4.072494880732146,31.31888460607628
11,13.625672012849614,-21.660520040730194,5.132760161322453,1185.799162849324,14.363582510175984,0.3304112018436367,6.596382263708847,33.29511773786174,33.29511773786174,33.29511773786174,16.70534089606781,9141.564984845074,0.20350790248991316,4.402906082575782,36.45164476739873
12,18.2264627958302,-23.936031201964035,5.49043505976148,1269.0819627994088,16.70534089606781,0.30811708172223,7.087406155799872,33.29511773786174,33.29511773786174,33.29511773786174,18.933287310278445,10506.494674954698,0.25020287453075496,4.7110231642980125,41.942079827160214
13,23.306639273566887,-26.018501874148622,6.383949405747498,742.5386115796563,18.933287310278445,0.31801470469186344,7.230843553877179,33.29511773786174,33.29511773786174,33.29511773786174,21.215481357089622,12463.561640383383,0.5427070055241551,5.029037868989876,48.326029232907715
14,29.17460045659504,-28.53282913399741,6.148111643759824,386.9531189481146,21.215481357089622,0.2734066176386637,7.176378994872206,33.29511773786174,33.29511773786174,33.29511773786174,23.75864324062012,11912.718399769952,1.3067938881257184,5.30244448662854,54.47414087666754
15,34.759113607959456,-31.10430529495496,5.315819088336745,505.9109601364991,23.75864324062012,0.2359707903873992,-10.435171852994959,33.29511773786174,33.29511773786174,33.29511773786174,21.29624749064056,0.0,1.003112869040307,5.53841527701594,59.789959965004286
16,39.61116225318976,-33.27583851465114,4.936967241405444,295.7426971381947,21.29624749064056,0.24440477623360085,-8.971062739337867,33.29511773786174,33.29511773786174,33.29511773786174,19.103676909255093,0.0,1.3797076878914536,5.78282005324954,64.72692720640973
17,44.17228905786635,-35.16522143358822,4.585872590328107,359.93743370110053,19.103676909255093,0.2548968743299992,-8.729702761251596,33.29511773786174,33.29511773786174,33.29511773786174,16.878502961582097,0.0,0.8992655021625513,6.037716927579539,69.31279979673783
18,48.4450006874422,-36.8308032374063,4.102813955563443,462.11323792506266,16.878502961582097,0.25892456339394065,-7.978441443660238,33.29511773786174,33.29511773786174,33.29511773786174,14.812688494218246,0.0,0.5433363153573288,6.29664149097348,73.41561375230128
19,52.27585102461479,-38.29970352270508,3.7759530582907166,239.31925654126735,14.812688494218246,0.27589136363551003,-8.164895362374669,33.29511773786174,33.29511773786174,33.29511773786174,12.560064378751447,0.0,0.7827071781366134,6.57253285460899,77.191566810592
20,55.71742981742691,-39.85320180441667,3.2284966453181405,37.12607915663185,12.560064378751447,0.2755949631039893,-6.135244448926324,23.637216599054746,8.681753842723575,16.15948522088916,10.869221911215641,0.0,3.6964006739126924,6.848127817712979,80.42006345591014
21,58.49690914761817,-41.49566496743435,2.3337261456003517,18.76259999827403,10.869221911215641,0.22292869622010167,-3.595185142240033,16.12283151681836,8.455501219811644,12.289166368315001,10.067751974786189,0.0,5.840833300601289,7.0710565139330805,82.75378960151049
22,60.27859020905591,-43.00294407827373,1.934067175782154,10.38172817165946,10.067751974786189,0.19295726958570736,-0.46082075185349425,11.909144010659348,8.116572448853178,10.012858229756263,9.978833260740107,0.0,9.67723227194131,7.264013783518788,84.68785677729264
23,61.43770340972232,-44.55119225879223,6.118342998971134,12.34297801906009,9.978833260740107,0.6215749069374974,-0.4361236522884316,12.983560951208053,8.232985538299861,10.608273244753956,9.707749742155684,0.0,7.849838785490643,7.885588690456285,90.80619977626377
24,61.659719650762455,-50.66550578050286,3.717780345086597,15.504571638874602,9.707749742155684,0.3862093752255141,-0.42161580091935036,14.588367539056618,8.363747450846317,11.476057494951467,9.544917767097417,0.0,5.976708271199208,8.2717980656818,94.52398012135036
25,62.61966883074606,-54.25721683042893,2.962155477251617,13.174942354417771,9.544917767097417,0.3124369239171094,-0.4103650702304639,13.419348230465255,8.272904589466265,10.846126409965759,9.416704566871582,0.0,6.822479974941052,8.584234989598908,97.48613559860198
26,64.54028865403248,-56.51234089925774,2.947249256565975,10.193748009597304,9.416704566871582,0.3150867449063122,-0.39946820506877395,11.802194445193198,8.103349454394436,9.952771949793817,9.290837430442895,0.0,8.583009096648995,8.899321734505222,100.43338485516796
27,66.94605197087144,-58.21486286495472,3.2670574976577944,14.01916184732253,9.290837430442895,0.3542617872683534,-0.3877434510245344,13.851142048116138,8.309002679152542,11.08007236363434,9.153474742481345,0.0,6.066565448726408,9.253583521773574,103.70044235282575
28,70.02652657859228,-59.30313713378088,3.344353155141959,1547.626311545079,9.153474742481345,0.33482246250893233,-0.3998337982121521,33.29511773786174,33.29511773786174,33.29511773786174,10.823399748445256,0.0,0.06446574206079103,9.588405984282506,107.0447955079677
29,73.32050828901983,-59.881395309405576,3.940894238581361,1554.8702192388787,10.823399748445256,0.33065651388903516,4.987493949631176,33.29511773786174,33.29511773786174,33.29511773786174,13.01338599776801,5306.900266186442,0.0913568778410668,9.919062498171542,110.98568974654907
30,77.20244998865195,-60.56049474272962,4.10144583037631,1555.9644938279564,13.01338599776801,0.28630053296727914,6.623145643087769,33.29511773786174,33.29511773786174,33.29511773786174,15.637946138208546,7334.407732090685,0.13189549575557505,10.20536303113882,115.08713557692538
31,81.3035841447757,-60.5099325732116,3.928181010265584,36.84637220326204,15.637946138208546,0.25799564217238036,-3.1952568468826628,23.5306786624524,8.679942172928298,16.105310417690347,14.813583796091358,0.0,6.291634833302998,10.463358673311202,119.01531658719097
32,85.19852649968635,-60.00000110591997,4.404984246529759,42.826033343626285,14.813583796091358,0.29305229669059385,-1.0538452116595802,25.78329069361145,8.713664657825989,17.248477675718718,15.249202240904383,0.0,5.275827771945008,10.756410970001795,123.42030083372073
33,89.51431982937076,-59.11806338270654,4.5458768806622585,60.035128007631656,15.249202240904383,0.2884227881969586,1.4864870527629892,32.15273900427844,8.773992693835993,20.463365849057215,16.273111991478416,1824.494524170944,4.137812009157246,11.044833758198752,127.966177714383
34,93.81811854133754,-57.65439905608901,4.814407054017635,95.80632567341942,16.273111991478416,0.28369949765558466,3.5500306927024914,33.29511773786174,33.29511773786174,33.29511773786174,17.667075381446686,4614.649058410017,3.0058983861773823,11.328533255854339,132.78058476840062
35,98.29717266680744,-55.88901257633852,5.168443671443417,190.6213865870448,17.667075381446686,0.279437968889151,4.913520825689174,33.29511773786174,33.29511773786174,33.29511773786174,19.32463116429953,6856.719016330435,1.7946390718096932,11.607971224743489,137.94902843984403
36,103.049114592755,-53.856315373776056,6.124479713740388,208.51354653593447,19.32463116429953,0.30230738992320216,5.931748607542916,33.29511773786174,33.29511773786174,33.29511773786174,21.1935957655565,9808.795983754184,1.9683693707358012,11.91027861466669,144.0735081535844
37,108.74063254219864,-51.59448531933376,5.758897438974714,309.03355314395594,21.1935957655565,0.25373808265854886,6.182331836915259,33.29511773786174,33.29511773786174,33.29511773786174,24.198860728444576,9612.922045275844,1.666870057957717,12.16401669732524,149.83240559255913
38,114.18571307529425,-49.719385935105606,5.515490891318377,321.3538999180544,24.198860728444576,0.23937192412310065,-9.669884605988544,33.29511773786174,33.29511773786174,33.29511773786174,21.88416184426075,0.0,1.6521076685065903,12.40338862144834,155.3478964838775
39,119.3856687485715,-47.88060895891528,4.970705626169575,393.7250504113627,21.88416184426075,0.24005851355721897,-9.813746627603443,33.29511773786174,33.29511773786174,33.29511773786174,19.528288416411094,0.0,1.0889521982413886,12.643447135005559,160.31860211004707
40,124.13064554497848,-46.39969382846611,4.430958309806998,168.29135810722155,19.528288416411094,0.23885180874071354,-8.182574474309227,33.29511773786174,33.29511773786174,33.29511773786174,17.57386570306674,0.0,2.0449205707705556,12.882298943746274,164.74956041985408
41,128.3432909743726,-45.0260089921763,3.930099224019456,129.2254157562206,17.57386570306674,0.23566277563696328,-7.613193369738858,33.29511773786174,33.29511773786174,33.29511773786174,15.779719422093155,0.0,2.1521726863698176,13.117961719383239,168.67965964387352
42,132.21115718046642,-44.32938073952234,3.6377050291563697,73.69595880775859,15.779719422093155,0.243606445903377,-6.953895498409013,37.32175645731641,8.802152958257441,23.061954707786924,14.085705654542243,0.0,3.0257548359429856,13.361568165286613,172.31736467302989
43,135.823641764141,-43.90176758272873,3.467773708136665,95.51420213859711,14.085705654542243,0.2586763767310453,-5.256508139710308,33.29511773786174,33.29511773786174,33.29511773786174,12.725971174704735,0.0,1.881568390617082,13.620244542017659,175.78513838116655
44,139.25567909701348,-43.40520516307391,3.16674169426365,69.99485206255603,12.725971174704735,0.27594035518895177,-9.058401985358563,35.89866592898741,8.795590421972996,22.347128175480204,10.226392513420588,0.0,1.8816062301308623,13.896184897206613,178.9518800754302
45,142.32146697655023,-42.611985372679456,2.4928466802161835,33.31390040322678,10.226392513420588,0.25016851853541716,-2.0923713369444217,22.17195813451046,8.654539605304585,15.413248869907523,9.702947075831233,0.0,2.9805769637923367,14.146353415742029,181.4447267556464
46,144.70637193062595,-41.886373264807816,2.28260260467966,25.07738182452882,9.702947075831233,0.26769170021649014,-8.785957662719996,18.868085005157898,8.568854797542972,13.718469901350435,7.351019131067617,0.0,2.8994031895065313,14.414045115958519,183.72732936032605
47,146.6609263706332,-40.70739421837048,2.3811315267167528,8.144104288858648,7.351019131067617,0.3256838456500413,-0.24468100942358176,10.580519687675176,7.9255510235005096,9.253035355587842,7.271330478961011,0.0,6.563432285930033,14.73972896160856,186.1084608870428
48,148.36670132667538,-39.04603358718177,1.5778115827466468,5.749686394904698,7.271330478961011,0.21777724284528815,-0.24115923504573233,8.983164906423186,7.590685594032446,8.286925250227815,7.218811485666073,0.0,9.129376792667971,14.957506204453848,187.68627246978946
49,148.9210096990114,-37.568795752908734,1.5679046890580943,3.605839630413449,7.218811485666073,0.21797938347352364,-0.23770963350328347,7.302849415210564,7.031141957408056,7.16699568630931,7.16699568630931,0.0,14.348353587589328,15.175485587927371,189.25417715884754
50,148.72450652940245,-36.01325352644749,1.7439705870130493,10.168029154316418,7.16699568630931,0.23603487619982208,0.0,11.78750219047446,8.101506998832987,9.944504594653722,7.610232281786737,0.0,5.368947686592281,15.411520464127193,190.9981477458606
51,147.63315777101195,-34.65296263993602,2.222331135334963,11.581558102085014,7.610232281786737,0.27813607020126296,1.8778436585879448,12.574850006104228,8.191964529813346,10.383407267958788,8.3699398240955,1126.7614160382532,5.512339062730331,15.689656534328456,193.22047888119556
52,146.1309440322836,-33.015247903403754,2.4783491641691064,17.390931051139326,8.3699398240955,0.278451963707308,2.731424017600555,15.489074759729936,8.420762638038717,11.954918698884327,9.43097011507231,1827.7440563731745,4.555138447311655,15.968108498035765,195.69882804536468
53,143.87771173056706,-31.98318260796993,2.936671435819868,35.102820267836826,9.43097011507231,0.3020177968111708,3.8104607949258362,22.863292460039233,8.668020792901325,15.765656626470278,10.016039079925225,3021.3192709179457,2.6934172506990417,16.270126294846936,198.63549948118455
54,141.3931178222048,-30.41766919937533,2.937286021771893,13.894342205624447,10.016039079925225,0.2952247469965146,-0.45197595910856275,13.787921076265796,8.303916984195997,11.045919030230896,9.882604591748892,0.0,7.124411039264112,16.56535104184345,201.57278550295644
55,139.30042771106412,-28.35652940003358,2.386016094450909,11.04403846815338,9.882604591748892,0.24275440042695212,-0.44221023059885184,12.280090675569475,8.159984345630312,10.220037510599894,9.775256112357203,0.0,8.747513162335352,16.808105442270403,203.95880159740733
56,138.19462785799058,-26.2422258532548,2.5380181585054418,9.330382653317624,9.775256112357203,0.2611441165252377,-0.4320607907719589,11.300690978774153,8.036689590576405,9.668690284675279,9.662425978865864,0.0,10.12347239973889,17.06924955879564,206.49681975591278
57,137.51747686307053,-23.796208129896662,2.603506285994396,9.66960263415297,9.662425978865864,0.2710503787720862,-0.4218944437859565,11.499825431634846,8.064115655478682,9.781970543556763,9.548071330075842,0.0,9.541322968986295,17.34029993756773,209.10032604190718
58,137.69302524235636,-21.19862699589094,2.889276514292474,11.327907576424607,9.548071330075842,0.30459959218831,-0.4109060519615947,12.436428078528397,8.177209679153,10.306818878840698,9.422909514220633,0.0,7.942731518742171,17.64489952975604,211.98960255619966
59,138.6396258226134,-18.468816358227752,2.960199657792617,45.27607172799894,9.422909514220633,0.2953131203688277,-0.42219636782413034,26.694894169188288,8.724978434679413,17.70993630193385,10.62496139713957,0.0,2.219257947625871,17.940212650124863,214.94980221399229
60,140.08125998684042,-15.88338158811094,3.916347817058686,82.1478064359055,10.62496139713957,0.33768882583097215,4.070431687619061,33.29511773786174,33.29511773786174,33.29511773786174,12.570048431340734,4304.131088659223,1.6373184637713678,18.277901475955836,218.86615003105098
61,142.0754102590674,-12.512751837462352,4.091892937032692,167.48184666178284,12.570048431340734,0.3019982944897181,5.759998215560632,33.29511773786174,33.29511773786174,33.29511773786174,14.528733327984767,6363.709924204834,1.0961545795505014,18.579899770445554,222.95804296808367
62,144.27195603059477,-9.060394022617064,4.38751733485566,138.47376127362077,14.528733327984767,0.28408448231948447,6.485748205808886,33.29511773786174,33.29511773786174,33.29511773786174,16.36008748357516,7683.20982427378,1.7225632537765427,18.863984252765036,227.34556030293933
63,146.6864380168838,-5.396982347478081,4.902989655377882,103.08378398765232,16.36008748357516,0.2850246550028386,6.446512462200704,33.29511773786174,33.29511773786174,33.29511773786174,18.043881221020253,8533.939657167355,2.8705607633897094,19.14900890776788,232.24854995831723
64,148.62198453560106,-0.8922107401017361,4.545302402920325,166.11959077648496,18.043881221020253,0.2427425730646919,5.907537147719106,33.29511773786174,33.29511773786174,33.29511773786174,19.405688053414213,7249.916554074558,2.1106334181976454,19.391751480832568,236.79385236123755
65,150.15783266787022,3.3857495739496457,4.053158603472405,171.62169819160886,19.405688053414213,0.21587905872172636,-5.841719380370291,33.29511773786174,33.29511773786174,33.29511773786174,18.14458317226341,0.0,2.0539694047714727,19.607630539554297,240.84701096470997
66,151.49458897169316,7.212128704288407,4.0188088814598855,150.08650162257956,18.14458317226341,0.23971503549288836,-11.510669516177586,33.29511773786174,33.29511773786174,33.29511773786174,15.385302620645993,0.0,1.872675472363084,19.847345575047186,244.86581984616984
67,152.27738211173073,11.153963267738652,4.372606966763903,31.658817891356485,15.385302620645993,0.28702552728327063,-1.0528212478107168,21.525469712986034,8.640762380730147,15.083116046858091,15.083116046858091,0.0,7.33069487373187,20.134371102330455,249.23842681293374
68,152.5445111445346,15.51840295292454,4.341763509118873,51.59241752442245,15.083116046858091,0.28098893193505375,0.0,29.03034427938858,8.749306826369873,18.889825552879227,15.820332563868003,0.0,4.627730109679908,20.41536003426551,253.5801903220526
69,152.2723770196213,19.85162962449088,4.521069023114753,81.32718768837559,15.820332563868003,0.2803358943218395,2.6236496645366394,33.29511773786174,33.29511773786174,33.29511773786174,16.434324186753745,3202.6593309773434,3.1980783784348543,20.695695928587348,258.10125934516736
70,151.78772377307158,24.346646458984004,4.414262596459388,81.66148123045174,16.434324186753745,0.28019124891778585,-4.852838412534847,33.29511773786174,33.29511773786174,33.29511773786174,15.074601331149399,0.0,3.039414581799632,20.975887177505136,262.51552194162673
71,151.5623644577033,28.755152719553124,3.830320503324319,49.26491171454557,15.074601331149399,0.27585207690422614,-8.621914855606644,28.171204558819323,8.74105005980022,18.45612730930977,12.696228211338905,0.0,3.913632170633918,21.25173925440936,266.3458424449511
72,151.74516412274528,32.58110873611254,3.3840423726604465,23.65435087553595,12.696228211338905,0.2685942116259559,-0.723315871209914,18.26993696237362,8.548317135680245,13.409127049026932,12.501949755154737,0.0,6.710691155424692,21.520333466035318,269.72988481761155
73,152.29303224133332,35.92050738026932,3.993435223371226,18.759183800830176,12.501949755154737,0.32232327807254685,-0.6975339952524194,16.121273014735372,8.455420595126693,12.288346804931033,12.277118311237937,0.0,8.182688286946536,21.842656744107863,273.7233200409828
74,155.09660633951603,38.76435990092875,4.617716791838076,20.562092063092287,12.277118311237937,0.38005901782905466,-0.6689436549619383,16.931267884339253,8.494471522311388,12.712869703325321,12.022880242750123,0.0,7.179351302289367,22.222715761936918,278.34103683282086
75,158.8213435501504,41.49376296411656,3.86969064857856,64.97729597128938,12.022880242750123,0.30679367046005274,-0.6988104898674974,33.99890080255271,8.785522018523707,21.39221141053821,13.2037852407702,0.0,2.448488513967348,22.52950943239697,282.21072748139943
76,161.56663100271504,44.22101478939554,4.316990052709356,183.5393047425532,13.2037852407702,0.3060169858519501,3.8491830559908573,33.29511773786174,33.29511773786174,33.29511773786174,15.010269875751334,4486.558940217881,1.0842812486877047,22.83552641824892,286.5277175341088
77,164.51954309441726,47.3700961306553,4.888819575897297,1222.0386703947654,15.010269875751334,0.3044668089158855,5.903216875206739,33.29511773786174,33.29511773786174,33.29511773786174,17.103704013914403,7792.135799475053,0.2109809091910694,23.13999322716481,291.41653711000606
78,167.8955598044552,50.906063893407286,4.944269155676679,1118.8781297603596,17.103704013914403,0.2734444104540785,6.8757384281628555,33.29511773786174,33.29511773786174,33.29511773786174,19.059179311923454,9178.785386873944,0.2922020941454668,23.413437637618888,296.36080626568275
79,171.3802563955529,54.41358255362391,5.765587123392452,2165.3656238646936,19.059179311923454,0.28301542373331967,7.151271787789753,33.29511773786174,33.29511773786174,33.29511773786174,21.684798859564893,11132.445744601286,0.19166183056372973,23.696453061352205,302.1263933890752
80,175.4504101396765,58.4971892164436,6.141681023794742,1009.3698919133952,21.684798859564893,0.30585466862586375,-10.491315269860864,33.29511773786174,33.29511773786174,33.29511773786174,18.475981104252135,0.0,0.3994789868966377,24.00230772997807,308.2680744128699
81,179.70768257696758,62.92391229257137,5.6970634148398,151.3866821006686,18.475981104252135,0.32916339398176875,-7.098447894181911,33.29511773786174,33.29511773786174,33.29511773786174,16.139431903400478,0.0,1.9787520293455751,24.331471123959837,313.9651378277097
82,183.44202720446512,67.22637690669505,5.103052515320238,49.44368351350154,16.139431903400478,0.3477179437958156,-8.418277282579327,28.237227762978744,8.74171113368958,18.489469448334162,13.212245836398967,0.0,4.356072024375892,24.679189067755654,319.06819034303
83,186.3689707811057,71.40658578583957,4.095737619955983,21.67968072738239,13.212245836398967,0.3128790195742376,-0.7783354151392502,17.421838046919742,8.515603982700839,12.96872101481029,12.96872101481029,0.0,7.904210328134274,24.99206808732989,323.16392796298595
84,185.96918647179004,75.48276526637618,3.4540372369304646,29.407148634769516,12.96872101481029,0.26353099792008544,0.0,20.633539784227665,8.619632189998267,14.626585987112966,13.244796667674148,0.0,5.841679159582602,25.255599085249976,326.6179651999164
85,186.5990231010892,78.87889233327095,3.615840687070108,426.3704760989184,13.244796667674148,0.26405177780271594,1.04760219876516,33.29511773786174,33.29511773786174,33.29511773786174,14.142564380670338,1022.7499166229766,0.4397980085623708,25.519650863052693,330.2338058869865
86,186.9841395516136,82.47416550700993,3.5777037436130184,30.52139235743428,14.142564380670338,0.2609554532183656,-3.315103843939086,21.07683873034666,8.630462574133693,14.853650652240177,13.277469954609268,0.0,6.158453341044726,25.780606316271058,333.8115096305995
87,186.8522283636229,86.04943661778537,3.583686969343089,26.000754528885597,13.277469954609268,0.2721091419235191,-0.7896447974175046,19.25103369912134,8.581035537222492,13.916034618171917,13.06260038635962,0.0,6.670953575562691,26.052715458194577,337.3951965999426
88,186.1727669049966,89.5681216591724,3.805405674040499,26.89021039597118,13.06260038635962,0.29384164207051666,-0.7627788538500266,19.61638931250819,8.5920140036935,14.104201658100845,12.83846419540766,0.0,6.237076026833464,26.346557100265095,341.2006022739831
89,185.00273005992665,93.18918864629076,4.267409248054248,30.38446169486108,12.83846419540766,0.3765938290619569,-8.002615856863212,21.02257150481784,8.629172702380007,14.825872103598924,9.824728447359611,0.0,4.226011192178279,26.72315092932705,345.4680115220374
90,183.09122972075176,97.00454552916727,4.723973908635108,17.06993624846937,9.824728447359611,0.48596880780339013,-0.42798480675541717,15.338322199702544,8.411885446904064,11.875103823303304,9.616741181062716,0.0,5.535620283098005,27.20911973713044,350.1919854306725
91,180.45293200403648,100.92313132603842,4.666725927853082,11.432011929631797,9.616741181062716,0.5347227194088312,-3.326455787787957,12.493382608214855,8.183335960151853,10.338359284183355,7.838009696223494,0.0,6.66261394021167,27.743842456539273,354.85871135852557
92,181.3022764114326,96.3343466325361,2.2372314827950976,4.654966864664732,7.838009696223494,0.2868961227768456,-0.2785371146175793,8.164077796920038,7.352119159060485,7.758098477990261,7.758098477990261,0.0,13.063389990386971,28.030738579316118,357.09594284132066
93,179.6705898536084,94.8037246398072,3.846525052787436,10.373618829441222,7.758098477990261,0.48838157902124996,0.0,11.904545973325755,8.116010709376946,10.01027834135135,7.994031487665426,0.0,5.979822531908892,28.519120158337365,360.9424678941081
94,178.33426113193767,91.19678957948808,3.075578242413346,9.346497834197388,7.994031487665426,0.38743400621176444,-0.2875505404885336,11.31021517102188,8.038031493801261,9.674123332411572,7.882624629775595,0.0,6.742317120889893,28.90655416454913,364.0180461365215
95,176.5168579573595,88.71561501363433,2.840176425743784,9.311532766831432,7.882624629775595,0.3626457441301981,-0.2801851971403512,11.289542299711984,8.035114872403241,9.662328586057612,7.781016660464366,0.0,6.587252190726029,29.26919990867933,366.85822256226527
96,173.78539316890252,87.93734626906699,3.040687408030862,556.3303437692067,7.781016660464366,0.35120014206268024,-0.28774938335822425,33.29511773786174,33.29511773786174,33.29511773786174,9.534963852369124,0.0,0.13474151845167867,29.62040005074201,369.89890997029613
97,171.20555903393344,86.32792533301397,3.1321000698092933,565.1926833856542,9.534963852369124,0.2978549267234707,4.994152854276819,33.29511773786174,33.29511773786174,33.29511773786174,11.496080382914874,4223.39035595005,0.1956433773067218,29.91825497746548,373.0310100401054
98,168.5505865145764,84.66624793689934,3.551674193440274,658.5273348632873,11.496080382914874,0.28415799603366415,6.584133262856707,33.29511773786174,33.29511773786174,33.29511773786174,13.501802787823053,6313.867972882165,0.2372316720715902,30.202412973499147,376.58268423354565
99,165.46222503519132,82.91227731314304,4.164642890204277,296.1916168912816,13.501802787823053,0.28699930660997225,7.058476034123499,33.29511773786174,33.29511773786174,33.29511773786174,15.52016900295876,7936.928648421223,0.7109205650932516,30.489412280109118,380.7473271237499
100,161.814447730468,80.90280695056624,4.523286295434382,136.17404233543394,15.52016900295876,0.2755418397465192,7.032651886781859,33.29511773786174,33.29511773786174,33.29511773786174,17.311768967663163,8588.888433011107,1.9789677467521927,30.764954119855638,385.2706134191843
101,157.9489316782915,78.55378490707021,4.6425397269935225,83.95035328862889,17.311768967663163,0.2578195250807368,6.502097708110537,33.29511773786174,33.29511773786174,33.29511773786174,18.70210333731219,8150.286668048109,3.8623988690669084,31.022773644936375,389.9131531461778
102,154.23417876407086,75.76922284042448,5.1162846869985,107.5568973935226,18.70210333731219,0.26381280147149216,5.392665156813259,33.29511773786174,33.29511773786174,33.29511773786174,20.08513260014758,7449.410744256792,3.4968693503769033,31.286586446407867,395.0294378331763
103,150.2684367646459,72.53669141870367,5.549182746719382,107.30259025600908,20.08513260014758,0.2675215098358808,5.242464562451653,33.29511773786174,33.29511773786174,33.29511773786174,21.400748293121133,7854.676353066013,4.009871312016384,31.554107956243747,400.5786205798957
104,145.78747547203767,69.26340330876975,5.461473433426879,67.2244300278215,21.400748293121133,0.25441445219975833,4.917794063664841,34.84600545631699,8.79021369078614,21.818109573551563,21.532924587527173,7251.768440037886,6.855023784729924,31.808522408443505,406.0400940133226
105,142.04427597791465,65.28645100691539,5.680425461446386,63.273479825451545,21.532924587527173,0.27302930262579356,-5.33084504484193,33.36007901939353,8.781746819697085,21.070912919545307,20.077447682527815,0.0,6.841029943464964,32.081551711069295,411.72051947476893
106,138.44037109910394,60.895653465746726,5.690679003286314,74.35739588452303,20.077447682527815,0.28707338531144155,-1.7721361818823556,33.29511773786174,33.29511773786174,33.29511773786174,19.568714549561953,0.0,5.284673303292564,32.36862509638074,417.41119847805527
107,135.1366755930782,56.26214253752944,5.2109822827273655,69.57300619480645,19.568714549561953,0.284617191764281,-8.853816053740005,35.73773389150349,8.794798876982721,22.266266384243103,17.048766287948965,0.0,4.818103946561862,32.65324228814502,422.6221807607826
108,132.5333568750853,51.74804594978939,4.622846431293152,52.31739711767563,17.048766287948965,0.27399433899884157,-1.2899200626556178,29.29785273594531,8.751732092996528,19.02479241447092,16.695335493020295,0.0,5.44113654222541,32.92723662714386,427.2450271920758
109,130.50079507493808,47.59601010506188,4.332641593360796,45.96482635877999,16.695335493020295,0.2750754901653326,-6.867924749065044,26.950376030967615,8.72794751427044,17.83916177261903,14.806137726252608,0.0,5.397294483605806,33.20231211730919,431.5776687854366
110,129.22109008157113,43.456669782441416,4.711234300412933,29.08730689140186,14.806137726252608,0.3215897831000377,-0.9721199974041591,20.505545316446383,8.616376513630705,14.560960915038544,14.493513867140196,0.0,7.378386616362609,33.52390190040923,436.2889030858495
111,128.29917305092275,38.83651852712652,3.945068383211465,27.518511632761253,14.493513867140196,0.2746358085244171,-0.9378746310830477,19.872519395266114,8.599360423810214,14.235939909538164,14.235939909538164,0.0,7.498420747832779,33.79853770893365,440.233971469061
112,128.6369805820562,34.90593961046243,4.395594811508864,67.29948049119267,14.235939909538164,0.2975151839011602,0.0,34.874395600569436,8.790365074898215,21.832380337733824,15.312769194123304,0.0,3.2434359200108167,34.096052892834805,444.62956628056986
113,129.63175334498703,30.624388384902403,4.91775249685434,164.1140919018185,15.312769194123304,0.30417561167924484,3.6194095053074027,33.29511773786174,33.29511773786174,33.29511773786174,17.0221867197002,4805.827235603229,1.5927172399284444,34.400228504514054,449.5473187774242
114,130.85846551216076,25.86209199773528,4.601412120662377,85.80298047606081,17.0221867197002,0.25509934675511786,5.619837554167526,33.29511773786174,33.29511773786174,33.29511773786174,19.05326528903814,6981.980932233016,3.7919377346043555,34.65532785126918,454.14873089808657
115,131.3618568773724,21.288298097961373,4.9277669392972,47.85533136009117,19.05326528903814,0.26460475313301307,-3.2512039130628527,27.650293562920574,8.73566899755354,18.192981280237056,18.192981280237056,0.0,7.2472744627998,34.919932604402184,459.0764978373838
116,131.50819867230095,16.36270462233962,5.317396793887397,60.80849734282012,18.192981280237056,0.28817943673199115,0.0,32.44035533241759,8.775918076263876,20.608136704340733,18.710392910424662,0.0,5.598966781641733,35.20811204113418,464.39389463127117
117,131.12629680570694,11.059039886712378,5.426835478660752,200.32101423175288,18.710392910424662,0.2681407126774865,1.795449515951412,33.29511773786174,33.29511773786174,33.29511773786174,21.76712670583761,2630.774465993537,2.0447550155539167,35.476252753811664,469.8207301099319
118,130.35288847755623,5.687598472119998,4.874236823398785,210.05853170087408,21.76712670583761,0.23581679971422867,-9.308375079953537,33.29511773786174,33.29511773786174,33.29511773786174,19.57205548394329,0.0,2.0338711909038674,35.71206955352589,474.6949669333307
119,129.61632177586705,0.8693359113477647,5.03832478955925,191.0204062655797,19.57205548394329,0.2716986969923613,-7.569127453237957,33.29511773786174,33.29511773786174,33.29511773786174,17.51553341752943,0.0,1.8001862699059894,35.98376825051825,479.73329172288993
120,128.4177519902439,-4.024348503699706,4.7176719688430415,62.57567739467527,17.51553341752943,0.2910081158619975,-8.96232313162042,33.099216096376665,8.780142481672886,20.939679289024774,14.907424649250173,0.0,4.1999074303652755,36.27477636638025,484.45096369173297
121,126.8171354686826,-8.462192074231728,3.9366425374497807,47.84883131208892,14.907424649250173,0.2664351865779324,-0.9922824962525922,27.64788986796816,8.735643467906092,18.191766667937127,14.643045677223098,0.0,4.562443180796963,36.54121155295819,488.3876062291827
122,125.70547722251035,-12.23861503933724,4.429894951737155,34.0187433455955,14.643045677223098,0.3252085564165662,-6.281143984971647,22.445209079945094,8.660014455557254,15.552611767751173,12.60036390922587,0.0,5.454370832830269,36.86642010937475,492.81750118091986
123,123.2606230021266,-15.932753250679372,4.503332542621825,18.99886769401109,12.60036390922587,0.36104552659929845,-0.7053489017895003,16.23039014456242,8.46101154252366,12.34570084354304,12.34570084354304,0.0,8.188726779300454,37.22746563597405,497.3208337235417
124,120.14536798180634,-19.184704995064003,4.940693070072563,200.9170123044711,12.34570084354304,0.37306740045833847,0.0,33.29511773786174,33.29511773786174,33.29511773786174,14.14116487564115,0.0,0.8729400855351097,37.60053303643238,502.2615267936142
125,115.90360984021416,-21.718069532768645,3.8141734209738254,200.6471040006459,14.14116487564115,0.2342698688701108,4.812706845712759,33.29511773786174,33.29511773786174,33.29511773786174,18.421054409063924,4956.254604141223,1.3210982162266915,37.834802905302496,506.07570021458804
126,112.64069693774204,-23.693245037918533,5.163267091968034,203.2518443822625,18.421054409063924,0.3113075242748407,-11.790976180173816,33.29511773786174,33.29511773786174,33.29511773786174,14.750434805630395,0.0,1.3534289197532705,38.146110429577334,511.23896730655605
127,107.66174912895094,-25.06050718554584,4.67720412994452,28.506082999230458,14.750434805630395,0.32044861702702804,-0.9651105106789925,20.272051719328694,8.610281235081434,14.441166477205064,14.441166477205064,0.0,7.47340125157712,38.46655904660437,515.9161714365006
128,103.01857196222974,-25.623662822655994,4.520669054775105,42.86226474750757,14.441166477205064,0.30593985979625843,0.0,25.796808609867256,8.713841122356193,17.255324866111724,15.111498270602942,0.0,5.093991176394382,38.77249890640063,520.4368404912757
129,98.49796873432956,-25.59926694801088,4.042288890855327,40.748514624949685,15.111498270602942,0.2660334756514021,2.1910573988112847,25.005911043780483,8.703036888709576,16.85447396624503,15.277826839385504,2391.3594852591314,5.665918679126054,39.038532382052026,524.479129382131
130,94.46672838748935,-25.300602013443665,4.504386753908946,35.07838028147083,15.277826839385504,0.297842133630358,-1.0369478538591723,22.853894753062697,8.667845556783652,15.760870154923175,14.968980078128668,0.0,6.5201793908699734,39.33637451568238,528.98351613604
131,90.10041894893382,-24.193876249954243,4.181581076326262,29.747845829060488,14.968980078128668,0.28200160082492587,-0.9983103906061758,20.769506493342256,8.623026318656326,14.69626640599929,14.68745494985757,0.0,7.391326279750204,39.61837611650731,533.1650972123662
132,86.29574686394807,-22.458914975567964,3.7408279333688856,30.681938155321923,14.68745494985757,0.2568626980328085,-0.9649021579018333,21.140392402257355,8.631960819539824,14.88617661089859,14.439607578241224,0.0,6.912745922543851,39.875238814540126,536.9059251457351
133,83.04851001599471,-20.60170026521085,3.9623213923066665,745.9534286123225,14.439607578241224,0.26306635238366116,-0.9995085841555227,33.29511773786174,33.29511773786174,33.29511773786174,15.684514008604202,0.0,0.304128470549152,40.138305166923786,540.8682465380417
134,79.95999336203191,-18.119552869481605,4.475969596371706,809.3005065967859,15.684514008604202,0.27030014957046167,4.732290614450692,33.29511773786174,33.29511773786174,33.29511773786174,17.433999639904993,5719.029006098648,0.3388222104601255,40.408605316494246,545.3442161344134
135,76.47521904679466,-15.310522467455549,4.651889721616375,763.3147540744885,17.433999639904993,0.25122198594147566,6.4723812919856885,33.29511773786174,33.29511773786174,33.29511773786174,19.600097548547875,8129.377081773991,0.44920013246263407,40.659827302435716,549.9961058560298
136,72.59086318492305,-12.750862818122512,5.1424462091877725,48.74894807461285,19.600097548547875,0.2654181761497661,-1.6970516055057663,27.98060332984537,8.739115581054792,18.35985945545008,19.1496692065825,0.0,7.7003939719828125,40.92524547858548,555.1385520652176
137,68.08781046954263,-10.267464087170367,5.156591851354401,48.07155482619966,19.1496692065825,0.2758786211796457,-3.3213539207942637,27.730242929564653,8.736514403363683,18.23337866646417,18.23337866646417,0.0,7.2677713115951,41.201124099765124,560.295143916572
138,63.26252669821153,-8.448927299644936,5.385030677832712,50.2133673984608,18.23337866646417,0.29494485014056515,0.0,28.521403501864786,8.744504857845753,18.63295417985527,18.282130421192786,0.0,6.638582876497295,41.49606894990569,565.6801745944047
139,58.05337033013621,-7.083919851262406,6.042009131305938,2519.3474540110547,18.282130421192786,0.3163302771722724,0.16529108647051835,33.29511773786174,33.29511773786174,33.29511773786174,19.91850712331567,269.6463685201548,0.14480820286256807,41.81239922707796,571.7221837257106
140,52.097296681711136,-6.068508093737046,6.362151823513473,2518.4445534521715,19.91850712331567,0.3038845493135005,5.173000563685281,33.29511773786174,33.29511773786174,33.29511773786174,21.953656748694822,8886.082041707365,0.1740437470542269,42.11628377639147,578.0843355492241
141,45.82496368299175,-5.003231332227769,5.519331256150557,3251.887938536265,21.953656748694822,0.24826511625656106,6.6971145126552765,33.29511773786174,33.29511773786174,33.29511773786174,22.50954725977163,9980.170233043798,0.1519868264270801,42.36454889264803,583.6036668053746
142,40.30568783295011,-5.027962006857488,5.168683632177042,813.1968864418059,22.50954725977163,0.24103470047152062,-8.843662681574106,33.29511773786174,33.29511773786174,33.29511773786174,20.37791767424725,0.0,0.56546412041579,42.60558359311955,588.7723504375516
143,35.13710500985782,-5.060243431394834,4.93217425737218,826.8148431202043,20.37791767424725,0.26086684524213155,-11.278187172472986,33.29511773786174,33.29511773786174,33.29511773786174,17.435812566513945,0.0,0.43234534509716666,42.86645043836168,593.7045246949237
144,30.21310542186901,-5.344093678128657,5.068039175897035,64.59913610694244,17.435812566513945,0.3035866260077263,-4.887771391315491,33.85687287504421,8.784700991237738,21.320786933140973,15.951950541127387,0.0,4.3140775268516895,43.17003706436941,598.7725638708208
145,25.189725624178884,-6.015418112799267,4.239201214925863,40.52213743070372,15.951950541127387,0.28098515071555175,-6.157108011579721,24.920909695198834,8.701814963964562,16.811362329581698,14.221894618521727,0.0,5.617058905613291,43.45102221508496,603.0117650857467
146,21.102903147961698,-7.141787940393625,4.092210599710283,26.308246949529952,14.221894618521727,0.2904143668809172,-0.9018661200670465,19.377718721146756,8.584910928726101,13.98131482493643,13.959979740251105,0.0,7.547234560110511,43.74143658196587,607.1039756854569
147,17.38947582694759,-8.861277726326408,3.446516116661883,29.205557161009708,13.959979740251105,0.24882355225877553,-0.8739864577610043,20.552906944357638,8.617588146034054,14.585247545195845,13.742511325204948,0.0,6.569195093598588,43.990260134224656,610.5504918021188
148,14.592865607431436,-10.875587688201175,3.446516116661883,29.205557161009708,13.742511325204948,0.2527610613686735,-0.8469686479550218,20.552906944357638,8.617588146034054,14.585247545195845,13.528430630801846,0.0,6.366119563032674,44.24302119559333,613.9970079187807
149,11.65096837507651,-13.364074145094662,3.446516116661883,29.205557161009708,13.528430630801846,0.25676087960425426,-0.8207860479400264,20.552906944357638,8.617588146034054,14.585247545195845,13.317684883165866,0.0,6.1693217682512875,44.49978207519758,617.4435240354426
150,11.65096837507651,-13.364074145094662,3.446516116661883,29.205557161009708,13.317684883165866,0.2587924362903668,-0.8478313783463071,20.552906944357638,8.617588146034054,14.585247545195845,13.317684883165866,0.0,6.0728418796983785,44.75857451148795,620.8900401521045
